author <- structure(c(550, 515, 590, 557, 589, 541, 517, 592, 576, 557, 
554, 541, 116, 109, 112, 129, 72, 109, 96, 151, 120, 97, 108, 
93, 147, 172, 181, 128, 129, 136, 127, 251, 136, 145, 206, 149, 
374, 311, 265, 343, 339, 228, 356, 238, 404, 354, 243, 390, 1015, 
827, 940, 996, 866, 763, 771, 985, 873, 909, 797, 887, 131, 167, 
137, 158, 108, 126, 115, 168, 122, 97, 164, 133, 131, 136, 119, 
129, 159, 129, 189, 152, 156, 121, 100, 154, 493, 376, 419, 571, 
449, 401, 478, 381, 593, 479, 328, 463, 442, 432, 514, 555, 472, 
520, 558, 544, 406, 431, 471, 518, 2, 8, 6, 4, 7, 5, 6, 7, 3, 
10, 4, 4, 52, 61, 46, 76, 59, 72, 80, 39, 90, 94, 34, 65, 302, 
280, 335, 291, 264, 280, 322, 416, 281, 240, 293, 265, 159, 146, 
176, 247, 158, 209, 163, 236, 142, 154, 149, 194, 534, 470, 403, 
479, 504, 471, 483, 526, 516, 417, 482, 484, 516, 561, 505, 509, 
542, 589, 617, 524, 488, 477, 532, 545, 115, 140, 147, 92, 95, 
84, 82, 107, 91, 100, 145, 70, 4, 4, 8, 3, 0, 2, 8, 9, 3, 3, 
8, 4, 409, 368, 395, 413, 416, 324, 294, 418, 339, 305, 361, 
299, 467, 387, 464, 533, 314, 454, 358, 508, 349, 415, 402, 423, 
632, 632, 670, 632, 691, 672, 685, 655, 640, 597, 630, 644, 174, 
195, 224, 181, 197, 247, 225, 226, 194, 237, 196, 193, 66, 60, 
113, 68, 64, 71, 37, 89, 40, 64, 66, 66, 155, 156, 146, 187, 
225, 160, 216, 106, 250, 194, 149, 218, 5, 14, 13, 10, 1, 11, 
12, 15, 3, 9, 2, 2, 150, 137, 162, 184, 155, 280, 171, 142, 104, 
140, 80, 127, 3, 5, 10, 4, 2, 1, 5, 20, 5, 4, 6, 2), .Dim = c(12, 
26), .Dimnames = list(c("three daughters (buck)", "drifters (michener)", 
"lost world (clark)", "east wind (buck)", "farewell to arms (hemingway)", 
"sound and fury 7 (faulkner)", "sound and fury 6 (faulkner)", 
"profiles of future (clark)", "islands (hemingway)", "pendorric 3 (holt)", 
"asia (michener)", "pendorric 2 (holt)"), c("a", "b", "c", "d", 
"e", "f", "g", "h", "i", "j", "k", "l", "m", "n", "o", "p", "q", 
"r", "s", "t", "u", "v", "w", "x", "y", "z")))
